	well_id	model_name	accuracy_score	recall_score	f1_score	precision_score
0	226003330.0	iforest_an	0.9037037037037037	0.9743589743589743	0.07321772639691716	0.03803803803803804
1	226003330.0	abod_an	0.9039039039039038	1.0	0.07514450867052024	0.03903903903903904
2	226003330.0	cluster_an	0.9044044044044044	0.6923076923076923	0.0535183349851338	0.027835051546391754
3	226003330.0	cof_an	0.8990990990990991	0.38461538461538464	0.028901734104046242	0.015015015015015015
4	226003330.0	histogram_an	0.9037037037037037	0.9743589743589743	0.07321772639691716	0.03803803803803804
5	226003330.0	knn_an	0.9039039039039038	1.0	0.07514450867052024	0.03903903903903904
6	226003330.0	lof_an	0.9039039039039038	1.0	0.07514450867052024	0.03903903903903904
7	226003330.0	svm_an	0.9039039039039038	1.0	0.07514450867052024	0.03903903903903904
8	226003330.0	pca_an	0.9039039039039038	1.0	0.07514450867052024	0.03903903903903904
9	226003330.0	mcd_an	0.9039039039039038	1.0	0.07514450867052024	0.03903903903903904
10	226003330.0	sod_an	0.9039039039039038	1.0	0.07514450867052024	0.03903903903903904
0	226003074.0	iforest_an	0.9001879306744623	1.0	0.004166666666666667	0.0020876826722338203
1	226003074.0	abod_an	0.899770306953435	0.0	0.0	0.0
2	226003074.0	cluster_an	0.9017540196283149	1.0	0.004232804232804234	0.0021208907741251328
3	226003074.0	cof_an	0.9001879306744623	1.0	0.004166666666666667	0.0020876826722338203
4	226003074.0	histogram_an	0.9001879306744623	1.0	0.004166666666666667	0.0020876826722338203
5	226003074.0	knn_an	0.9001879306744623	1.0	0.004166666666666667	0.0020876826722338203
6	226003074.0	lof_an	0.9001879306744623	1.0	0.004166666666666667	0.0020876826722338203
7	226003074.0	svm_an	0.9001879306744623	1.0	0.004166666666666667	0.0020876826722338203
8	226003074.0	pca_an	0.9001879306744623	1.0	0.004166666666666667	0.0020876826722338203
9	226003074.0	mcd_an	0.9001879306744623	1.0	0.004166666666666667	0.0020876826722338203
10	226003074.0	sod_an	0.9001879306744623	1.0	0.004166666666666667	0.0020876826722338203
0	226002627.0	iforest_an	0.9015212169735789	1.0	0.031496062992125984	0.016
1	226002627.0	abod_an	0.9001200960768615	0.5625	0.017716535433070862	0.009
2	226002627.0	cluster_an	0.9029223378702962	0.6875	0.02217741935483871	0.011270491803278689
3	226002627.0	cof_an	0.9013210568454764	0.9375	0.029527559055118106	0.015
4	226002627.0	histogram_an	0.9015212169735789	1.0	0.031496062992125984	0.016
5	226002627.0	knn_an	0.9015212169735789	1.0	0.031496062992125984	0.016
6	226002627.0	lof_an	0.9015212169735789	1.0	0.031496062992125984	0.016
7	226002627.0	svm_an	0.9015212169735789	1.0	0.031496062992125984	0.016
8	226002627.0	pca_an	0.9013210568454764	0.9375	0.029527559055118106	0.015
9	226002627.0	mcd_an	0.9015212169735789	1.0	0.031496062992125984	0.016
10	226002627.0	sod_an	0.9011208967173739	0.875	0.027559055118110236	0.014
0	226002307.0	iforest_an	0.8999687727698553	0.0	0.0	0.0
1	226002307.0	abod_an	0.8999687727698553	0.0	0.0	0.0
2	226002307.0	cluster_an	0.9001769543041532	0.0	0.0	0.0
3	226002307.0	cof_an	0.8999687727698553	0.0	0.0	0.0
4	226002307.0	histogram_an	0.8999687727698553	0.0	0.0	0.0
5	226002307.0	knn_an	0.9000728635370042	0.0	0.0	0.0
6	226002307.0	lof_an	0.8999687727698553	0.0	0.0	0.0
7	226002307.0	svm_an	0.8999687727698553	0.0	0.0	0.0
8	226002307.0	pca_an	0.8999687727698553	0.0	0.0	0.0
9	226002307.0	mcd_an	0.8999687727698553	0.0	0.0	0.0
10	226002307.0	sod_an	0.8999687727698553	0.0	0.0	0.0
0	226002148.0	iforest_an	0.9	0.0	0.0	0.0
1	226002148.0	abod_an	0.9	0.0	0.0	0.0
2	226002148.0	cluster_an	0.9015723270440251	0.0	0.0	0.0
3	226002148.0	cof_an	0.9	0.0	0.0	0.0
4	226002148.0	histogram_an	0.9	0.0	0.0	0.0
5	226002148.0	knn_an	0.9	0.0	0.0	0.0
6	226002148.0	lof_an	0.9	0.0	0.0	0.0
7	226002148.0	svm_an	0.9	0.0	0.0	0.0
8	226002148.0	pca_an	0.9	0.0	0.0	0.0
9	226002148.0	mcd_an	0.9	0.0	0.0	0.0
10	226002148.0	sod_an	0.9	0.0	0.0	0.0
0	226000198.0	iforest_an	0.914237050395752	1.0	0.24912280701754386	0.14228456913827656
1	226000198.0	abod_an	0.9140366696723775	0.9929577464788732	0.2473684210526316	0.14128256513026052
2	226000198.0	cluster_an	0.8888888888888888	0.04225352112676056	0.010704727921498661	0.006128702757916241
3	226000198.0	cof_an	0.914237050395752	1.0	0.24912280701754386	0.14228456913827656
4	226000198.0	histogram_an	0.914237050395752	1.0	0.24912280701754386	0.14228456913827656
5	226000198.0	knn_an	0.914237050395752	1.0	0.24912280701754386	0.14228456913827656
6	226000198.0	lof_an	0.914237050395752	1.0	0.24912280701754386	0.14228456913827656
7	226000198.0	svm_an	0.914237050395752	1.0	0.24912280701754386	0.14228456913827656
8	226000198.0	pca_an	0.914237050395752	1.0	0.24912280701754386	0.14228456913827656
9	226000198.0	mcd_an	0.914237050395752	1.0	0.24912280701754386	0.14228456913827656
10	226000198.0	sod_an	0.9140366696723775	0.9929577464788732	0.2473684210526316	0.14128256513026052
0	226003080.0	iforest_an	0.9039583333333333	1.0	0.07615230460921843	0.03958333333333333
1	226003080.0	abod_an	0.9039583333333333	1.0	0.07615230460921843	0.03958333333333333
2	226003080.0	cluster_an	0.89875	0.34210526315789475	0.026052104208416835	0.013541666666666667
3	226003080.0	cof_an	0.9029166666666667	0.868421052631579	0.06613226452905811	0.034375
4	226003080.0	histogram_an	0.9039583333333333	1.0	0.07615230460921843	0.03958333333333333
5	226003080.0	knn_an	0.9039583333333333	1.0	0.07615230460921843	0.03958333333333333
6	226003080.0	lof_an	0.9035416666666667	0.9473684210526315	0.07214428857715431	0.0375
7	226003080.0	svm_an	0.9039583333333333	1.0	0.07615230460921843	0.03958333333333333
8	226003080.0	pca_an	0.9039583333333333	1.0	0.07615230460921843	0.03958333333333333
9	226003080.0	mcd_an	0.9039583333333333	1.0	0.07615230460921843	0.03958333333333333
10	226003080.0	sod_an	0.9039583333333333	1.0	0.07615230460921843	0.03958333333333333
0	226000297.0	iforest_an	0.9015803160632127	1.0	0.031496062992125984	0.016
1	226000297.0	abod_an	0.9013802760552111	0.9375	0.029527559055118106	0.015
2	226000297.0	cluster_an	0.8998799759951991	0.125	0.003980099502487562	0.0020222446916076846
3	226000297.0	cof_an	0.9015803160632127	1.0	0.031496062992125984	0.016
4	226000297.0	histogram_an	0.9015803160632127	1.0	0.031496062992125984	0.016
5	226000297.0	knn_an	0.9015803160632127	1.0	0.031496062992125984	0.016
6	226000297.0	lof_an	0.9015803160632127	1.0	0.031496062992125984	0.016
7	226000297.0	svm_an	0.9015803160632127	1.0	0.031496062992125984	0.016
8	226000297.0	pca_an	0.9015803160632127	1.0	0.031496062992125984	0.016
9	226000297.0	mcd_an	0.9015803160632127	1.0	0.031496062992125984	0.016
10	226000297.0	sod_an	0.9015803160632127	1.0	0.031496062992125984	0.016
0	226002603.0	iforest_an	0.9077889964970122	1.0	0.1451766953199618	0.07826982492276004
1	226002603.0	abod_an	0.9076859674428188	0.9868421052631579	0.14340344168260039	0.07731958762886598
2	226002603.0	cluster_an	0.9071708221718524	0.9605263157894737	0.13944603629417382	0.07518022657054584
3	226002603.0	cof_an	0.9069647640634659	0.9473684210526315	0.13753581661891118	0.07415036045314109
4	226002603.0	histogram_an	0.9078920255512054	1.0	0.14531548757170173	0.07835051546391752
5	226002603.0	knn_an	0.9078920255512054	1.0	0.14531548757170173	0.07835051546391752
6	226002603.0	lof_an	0.9067587059550793	0.9342105263157895	0.13562559694364854	0.07312049433573635
7	226002603.0	svm_an	0.9077889964970122	1.0	0.1451766953199618	0.07826982492276004
8	226002603.0	pca_an	0.9077889964970122	1.0	0.1451766953199618	0.07826982492276004
9	226002603.0	mcd_an	0.9071708221718524	0.9605263157894737	0.13944603629417382	0.07518022657054584
10	226002603.0	sod_an	0.8995466721615496	0.47368421052631576	0.06876790830945559	0.037075180226570546
0	226002861.0	iforest_an	0.9021728246720737	1.0	0.04309500489715965	0.022022022022022022
1	226002861.0	abod_an	0.9019725643336337	0.9545454545454546	0.04113614103819785	0.021021021021021023
2	226002861.0	cluster_an	0.8995694402723541	0.3181818181818182	0.013765978367748278	0.007035175879396985
3	226002861.0	cof_an	0.9019725643336337	0.9545454545454546	0.04113614103819785	0.021021021021021023
4	226002861.0	histogram_an	0.9023730850105137	1.0	0.04317958783120707	0.022066198595787363
5	226002861.0	knn_an	0.9025733453489536	1.0	0.0432645034414946	0.022110552763819097
6	226002861.0	lof_an	0.9021728246720737	1.0	0.04309500489715965	0.022022022022022022
7	226002861.0	svm_an	0.9021728246720737	1.0	0.04309500489715965	0.022022022022022022
8	226002861.0	pca_an	0.9021728246720737	1.0	0.04309500489715965	0.022022022022022022
9	226002861.0	mcd_an	0.9021728246720737	1.0	0.04309500489715965	0.022022022022022022
10	226002861.0	sod_an	0.9019725643336337	0.9545454545454546	0.04113614103819785	0.021021021021021023
0	226002416.0	iforest_an	0.9001202163895011	0.75	0.005982053838484546	0.003003003003003003
1	226002416.0	abod_an	0.9001202163895011	0.75	0.005982053838484546	0.003003003003003003
2	226002416.0	cluster_an	0.9000200360649169	0.5	0.003992015968063872	0.002004008016032064
3	226002416.0	cof_an	0.9003205770386696	1.0	0.007976071784646063	0.004004004004004004
4	226002416.0	histogram_an	0.9003205770386696	1.0	0.007976071784646063	0.004004004004004004
5	226002416.0	knn_an	0.9003205770386696	1.0	0.007976071784646063	0.004004004004004004
6	226002416.0	lof_an	0.9003205770386696	1.0	0.007976071784646063	0.004004004004004004
7	226002416.0	svm_an	0.9003205770386696	1.0	0.007976071784646063	0.004004004004004004
8	226002416.0	pca_an	0.9003205770386696	1.0	0.007976071784646063	0.004004004004004004
9	226002416.0	mcd_an	0.9003205770386696	1.0	0.007976071784646063	0.004004004004004004
10	226002416.0	sod_an	0.9003205770386696	1.0	0.007976071784646063	0.004004004004004004
0	226003316.0	iforest_an	0.9016721738259738	1.0	0.03346456692913386	0.01701701701701702
1	226003316.0	abod_an	0.9014719134875337	0.9411764705882353	0.031496062992125984	0.016016016016016016
2	226003316.0	cluster_an	0.900070091118454	0.058823529411764705	0.0019999999999999996	0.001017293997965412
3	226003316.0	cof_an	0.9016721738259738	1.0	0.03346456692913386	0.01701701701701702
4	226003316.0	histogram_an	0.9016721738259738	1.0	0.03346456692913386	0.01701701701701702
5	226003316.0	knn_an	0.9016721738259738	1.0	0.03346456692913386	0.01701701701701702
6	226003316.0	lof_an	0.9016721738259738	1.0	0.03346456692913386	0.01701701701701702
7	226003316.0	svm_an	0.9016721738259738	1.0	0.03346456692913386	0.01701701701701702
8	226003316.0	pca_an	0.9016721738259738	1.0	0.03346456692913386	0.01701701701701702
9	226003316.0	mcd_an	0.9016721738259738	1.0	0.03346456692913386	0.01701701701701702
10	226003316.0	sod_an	0.9016721738259738	1.0	0.03346456692913386	0.01701701701701702
0	226002998.0	iforest_an	0.9013180515759313	1.0	0.02711864406779661	0.013745704467353952
1	226002998.0	abod_an	0.9013180515759313	1.0	0.02711864406779661	0.013745704467353952
2	226002998.0	cluster_an	0.9000573065902578	0.5	0.013574660633484163	0.006880733944954129
3	226002998.0	cof_an	0.9013180515759313	1.0	0.02711864406779661	0.013745704467353952
4	226002998.0	histogram_an	0.9013180515759313	1.0	0.02711864406779661	0.013745704467353952
5	226002998.0	knn_an	0.9013180515759313	1.0	0.02711864406779661	0.013745704467353952
6	226002998.0	lof_an	0.9013180515759313	1.0	0.02711864406779661	0.013745704467353952
7	226002998.0	svm_an	0.9013180515759313	1.0	0.02711864406779661	0.013745704467353952
8	226002998.0	pca_an	0.9013180515759313	1.0	0.02711864406779661	0.013745704467353952
9	226002998.0	mcd_an	0.9001719197707736	0.5833333333333334	0.015819209039548022	0.008018327605956471
10	226002998.0	sod_an	0.9013180515759313	1.0	0.02711864406779661	0.013745704467353952
0	226001846.0	iforest_an	0.9014014014014013	1.0	0.027640671273445213	0.014014014014014014
1	226001846.0	abod_an	0.9012012012012012	0.9285714285714286	0.025666337611056265	0.013013013013013013
2	226001846.0	cluster_an	0.9016016016016016	0.14285714285714285	0.004052684903748734	0.0020554984583761563
3	226001846.0	cof_an	0.9014014014014013	1.0	0.027640671273445213	0.014014014014014014
4	226001846.0	histogram_an	0.9015015015015015	1.0	0.027667984189723323	0.014028056112224449
5	226001846.0	knn_an	0.9014014014014013	1.0	0.027640671273445213	0.014014014014014014
6	226001846.0	lof_an	0.9014014014014013	1.0	0.027640671273445213	0.014014014014014014
7	226001846.0	svm_an	0.9014014014014013	1.0	0.027640671273445213	0.014014014014014014
8	226001846.0	pca_an	0.9014014014014013	1.0	0.027640671273445213	0.014014014014014014
9	226001846.0	mcd_an	0.9014014014014013	1.0	0.027640671273445213	0.014014014014014014
10	226001846.0	sod_an	0.9014014014014013	1.0	0.027640671273445213	0.014014014014014014
0	226001947.0	iforest_an	0.899969960949234	0.0	0.0	0.0
1	226001947.0	abod_an	0.899969960949234	0.0	0.0	0.0
2	226001947.0	cluster_an	0.9002703514568939	0.0	0.0	0.0
3	226001947.0	cof_an	0.899969960949234	0.0	0.0	0.0
4	226001947.0	histogram_an	0.899969960949234	0.0	0.0	0.0
5	226001947.0	knn_an	0.899969960949234	0.0	0.0	0.0
6	226001947.0	lof_an	0.899969960949234	0.0	0.0	0.0
7	226001947.0	svm_an	0.899969960949234	0.0	0.0	0.0
8	226001947.0	pca_an	0.899969960949234	0.0	0.0	0.0
9	226001947.0	mcd_an	0.899969960949234	0.0	0.0	0.0
10	226001947.0	sod_an	0.899969960949234	0.0	0.0	0.0
0	226000188.0	iforest_an	0.9029573934837093	1.0	0.058365758754863814	0.03006012024048096
1	226000188.0	abod_an	0.9029573934837093	1.0	0.058365758754863814	0.03006012024048096
2	226000188.0	cluster_an	0.8987468671679198	0.26666666666666666	0.015594541910331383	0.008032128514056224
3	226000188.0	cof_an	0.9029573934837093	1.0	0.058365758754863814	0.03006012024048096
4	226000188.0	histogram_an	0.9023558897243108	0.9	0.05252918287937743	0.027054108216432865
5	226000188.0	knn_an	0.9029573934837093	1.0	0.058365758754863814	0.03006012024048096
6	226000188.0	lof_an	0.9029573934837093	1.0	0.058365758754863814	0.03006012024048096
7	226000188.0	svm_an	0.9029573934837093	1.0	0.058365758754863814	0.03006012024048096
8	226000188.0	pca_an	0.9029573934837093	1.0	0.058365758754863814	0.03006012024048096
9	226000188.0	mcd_an	0.9027568922305764	0.9666666666666667	0.05642023346303503	0.02905811623246493
10	226000188.0	sod_an	0.9027568922305764	0.9666666666666667	0.05642023346303503	0.02905811623246493
0	226002142.0	iforest_an	0.9010703210963289	1.0	0.021760633036597428	0.011
1	226002142.0	abod_an	0.9002700810243073	0.6363636363636364	0.01384767556874382	0.007
2	226002142.0	cluster_an	0.9004701410423127	0.7272727272727273	0.01582591493570722	0.008
3	226002142.0	cof_an	0.9010703210963289	1.0	0.021760633036597428	0.011
4	226002142.0	histogram_an	0.9010703210963289	1.0	0.021760633036597428	0.011
5	226002142.0	knn_an	0.9014704411323397	1.0	0.02184707050645482	0.01104417670682731
6	226002142.0	lof_an	0.9010703210963289	1.0	0.021760633036597428	0.011
7	226002142.0	svm_an	0.9010703210963289	1.0	0.021760633036597428	0.011
8	226002142.0	pca_an	0.9010703210963289	1.0	0.021760633036597428	0.011
9	226002142.0	mcd_an	0.9008702610783235	0.9090909090909091	0.019782393669634024	0.01
10	226002142.0	sod_an	0.9010703210963289	1.0	0.021760633036597428	0.011
