	well_id	model_name	accuracy_score	recall_score	f1_score	precision_score
0	226003330.0	iforest_an	0.914014014014014	0.8977272727272727	0.26893617021276595	0.15815815815815815
1	226003330.0	abod_an	0.9048048048048049	0.6363636363636364	0.1906382978723404	0.11211211211211211
2	226003330.0	cluster_an	0.9069069069069069	0.6136363636363636	0.18848167539267016	0.11134020618556702
3	226003330.0	cof_an	0.8931931931931932	0.3068181818181818	0.09191489361702128	0.05405405405405406
4	226003330.0	histogram_an	0.9128128128128128	0.8636363636363636	0.2587234042553192	0.15215215215215216
5	226003330.0	knn_an	0.9126126126126126	0.8579545454545454	0.25702127659574464	0.15115115115115116
6	226003330.0	lof_an	0.9154154154154154	0.9375	0.28085106382978725	0.16516516516516516
7	226003330.0	svm_an	0.9168168168168168	0.9772727272727273	0.29276595744680856	0.17217217217217218
8	226003330.0	pca_an	0.916016016016016	0.9545454545454546	0.28595744680851065	0.16816816816816818
9	226003330.0	mcd_an	0.9164164164164165	0.9659090909090909	0.28936170212765955	0.17017017017017017
10	226003330.0	sod_an	0.9082082082082082	0.7329545454545454	0.21957446808510642	0.12912912912912913
0	226003074.0	iforest_an	0.9044685738149927	0.9056603773584906	0.09495548961424333	0.05010438413361169
1	226003074.0	abod_an	0.8944456045103362	0.0	0.0	0.0
2	226003074.0	cluster_an	0.8968469409062435	0.07547169811320754	0.008032128514056226	0.0042417815482502655
3	226003074.0	cof_an	0.9053038212570474	0.9811320754716981	0.10286844708209694	0.054279749478079335
4	226003074.0	histogram_an	0.9050950093965338	0.9622641509433962	0.10089020771513353	0.05323590814196242
5	226003074.0	knn_an	0.905512633117561	1.0	0.10484668644906034	0.055323590814196244
6	226003074.0	lof_an	0.899039465441637	0.41509433962264153	0.043521266073194856	0.022964509394572025
7	226003074.0	svm_an	0.9048861975360201	0.9433962264150944	0.09891196834817012	0.05219206680584551
8	226003074.0	pca_an	0.905512633117561	1.0	0.10484668644906034	0.055323590814196244
9	226003074.0	mcd_an	0.9050950093965338	0.9622641509433962	0.10089020771513353	0.05323590814196242
10	226003074.0	sod_an	0.9053038212570474	0.9811320754716981	0.10286844708209694	0.054279749478079335
0	226002627.0	iforest_an	0.9163330664531625	0.9606741573033708	0.2903225806451613	0.171
1	226002627.0	abod_an	0.8875100080064051	0.15168539325842698	0.04584040747028863	0.027
2	226002627.0	cluster_an	0.8981184947958367	0.38202247191011235	0.11785095320623917	0.06967213114754098
3	226002627.0	cof_an	0.9125300240192153	0.8539325842696629	0.25806451612903225	0.152
4	226002627.0	histogram_an	0.9125300240192153	0.8539325842696629	0.25806451612903225	0.152
5	226002627.0	knn_an	0.91693354683747	0.9775280898876404	0.2954159592529711	0.174
6	226002627.0	lof_an	0.9129303442754203	0.8651685393258427	0.2614601018675721	0.154
7	226002627.0	svm_an	0.9159327461969575	0.949438202247191	0.2869269949066214	0.169
8	226002627.0	pca_an	0.9153322658126501	0.9325842696629213	0.28183361629881154	0.166
9	226002627.0	mcd_an	0.9145316253002402	0.9101123595505618	0.27504244482173174	0.162
10	226002627.0	sod_an	0.9041232986389112	0.6179775280898876	0.18675721561969438	0.11
0	226002307.0	iforest_an	0.9021546788799834	0.9565217391304348	0.044715447154471545	0.022892819979188347
1	226002307.0	abod_an	0.8992401373998127	0.34782608695652173	0.016260162601626018	0.008324661810613945
2	226002307.0	cluster_an	0.8979910481940252	0.043478260869565216	0.0020366598778004076	0.0010427528675703858
3	226002307.0	cof_an	0.9002810450713021	0.5652173913043478	0.026422764227642274	0.013527575442247659
4	226002307.0	histogram_an	0.9023628604142813	1.0	0.046747967479674794	0.023933402705515087
5	226002307.0	knn_an	0.9020505881128343	0.9130434782608695	0.042726347914547304	0.021875
6	226002307.0	lof_an	0.9023628604142813	1.0	0.046747967479674794	0.023933402705515087
7	226002307.0	svm_an	0.9017383158113875	0.8695652173913043	0.04065040650406504	0.02081165452653486
8	226002307.0	pca_an	0.9019464973456854	0.9130434782608695	0.0426829268292683	0.021852237252861603
9	226002307.0	mcd_an	0.9009055896741959	0.6956521739130435	0.032520325203252036	0.01664932362122789
10	226002307.0	sod_an	0.9011137712084938	0.7391304347826086	0.034552845528455285	0.01768990634755463
0	226002148.0	iforest_an	0.9091194968553459	0.967741935483871	0.17191977077363899	0.09433962264150944
1	226002148.0	abod_an	0.8915094339622641	0.06451612903225806	0.011461318051575933	0.006289308176100629
2	226002148.0	cluster_an	0.8918238993710692	0.0	0.0	0.0
3	226002148.0	cof_an	0.900314465408805	0.5161290322580645	0.09169054441260746	0.050314465408805034
4	226002148.0	histogram_an	0.9097484276729559	1.0	0.17765042979942694	0.09748427672955975
5	226002148.0	knn_an	0.9097484276729559	1.0	0.17765042979942694	0.09748427672955975
6	226002148.0	lof_an	0.9066037735849056	0.8387096774193549	0.1489971346704871	0.08176100628930817
7	226002148.0	svm_an	0.9084905660377358	0.9354838709677419	0.16618911174785098	0.09119496855345911
8	226002148.0	pca_an	0.9097484276729559	1.0	0.17765042979942694	0.09748427672955975
9	226002148.0	mcd_an	0.9097484276729559	1.0	0.17765042979942694	0.09748427672955975
10	226002148.0	sod_an	0.9097484276729559	1.0	0.17765042979942694	0.09748427672955975
0	226000198.0	iforest_an	0.9276625588618375	0.8650793650793651	0.47529069767441856	0.3276553106212425
1	226000198.0	abod_an	0.9314697926059513	0.9153439153439153	0.502906976744186	0.3466933867735471
2	226000198.0	cluster_an	0.8708546237851919	0.08994708994708994	0.0501105379513633	0.03472931562819203
3	226000198.0	cof_an	0.9330728383929466	0.9365079365079365	0.5145348837209303	0.35470941883767537
4	226000198.0	histogram_an	0.9232541829476004	0.8068783068783069	0.44331395348837205	0.30561122244488975
5	226000198.0	knn_an	0.9378819757539325	1.0	0.5494186046511628	0.3787575150300601
6	226000198.0	lof_an	0.9326720769461978	0.9312169312169312	0.5116279069767442	0.3527054108216433
7	226000198.0	svm_an	0.9378819757539325	1.0	0.5494186046511628	0.3787575150300601
8	226000198.0	pca_an	0.9308686504358281	0.9074074074074074	0.498546511627907	0.343687374749499
9	226000198.0	mcd_an	0.9198477106502354	0.7619047619047619	0.4186046511627907	0.28857715430861725
10	226000198.0	sod_an	0.9256587516280934	0.8386243386243386	0.4607558139534884	0.31763527054108215
0	226003080.0	iforest_an	0.9160416666666666	0.9230769230769231	0.29422066549912435	0.175
1	226003080.0	abod_an	0.9177083333333333	0.967032967032967	0.30823117338003503	0.18333333333333332
2	226003080.0	cluster_an	0.8889583333333333	0.2087912087912088	0.06654991243432574	0.03958333333333333
3	226003080.0	cof_an	0.8977083333333333	0.43956043956043955	0.1401050788091068	0.08333333333333333
4	226003080.0	histogram_an	0.9185416666666667	0.989010989010989	0.31523642732049034	0.1875
5	226003080.0	knn_an	0.9189583333333333	1.0	0.3187390542907181	0.18958333333333333
6	226003080.0	lof_an	0.896875	0.4175824175824176	0.1330998248686515	0.07916666666666666
7	226003080.0	svm_an	0.9185416666666667	0.989010989010989	0.31523642732049034	0.1875
8	226003080.0	pca_an	0.9170833333333334	0.9505494505494505	0.30297723292469353	0.18020833333333333
9	226003080.0	mcd_an	0.9189583333333333	1.0	0.3187390542907181	0.18958333333333333
10	226003080.0	sod_an	0.9139583333333333	0.8681318681318682	0.276707530647986	0.16458333333333333
0	226000297.0	iforest_an	0.9151830366073215	0.9470588235294117	0.27521367521367524	0.161
1	226000297.0	abod_an	0.8867773554710943	0.11176470588235295	0.03247863247863248	0.019
2	226000297.0	cluster_an	0.8876775355071014	0.10588235294117647	0.031061259706643658	0.01820020222446916
3	226000297.0	cof_an	0.913382676535307	0.8941176470588236	0.25982905982905985	0.152
4	226000297.0	histogram_an	0.9065813162632527	0.6941176470588235	0.20170940170940171	0.118
5	226000297.0	knn_an	0.9169833966793358	1.0	0.2905982905982906	0.17
6	226000297.0	lof_an	0.9167833566713343	0.9941176470588236	0.2888888888888889	0.169
7	226000297.0	svm_an	0.9169833966793358	1.0	0.2905982905982906	0.17
8	226000297.0	pca_an	0.9169833966793358	1.0	0.2905982905982906	0.17
9	226000297.0	mcd_an	0.9147829565913183	0.9352941176470588	0.2717948717948718	0.159
10	226000297.0	sod_an	0.9137827565513102	0.9058823529411765	0.26324786324786326	0.154
0	226002603.0	iforest_an	0.9236554708427777	0.9713114754098361	0.3901234567901235	0.24407826982492276
1	226002603.0	abod_an	0.9153101174531217	0.8032786885245902	0.32289950576606263	0.2020618556701031
2	226002603.0	cluster_an	0.9218009478672986	0.9344262295081968	0.3753086419753086	0.23480947476828012
3	226002603.0	cof_an	0.9084071708221718	0.6680327868852459	0.2683127572016461	0.1678681771369722
4	226002603.0	histogram_an	0.9239645580053575	0.9754098360655737	0.39209225700164746	0.24536082474226803
5	226002603.0	knn_an	0.9249948485472903	0.9959016393442623	0.400329489291598	0.25051546391752577
6	226002603.0	lof_an	0.9129404492066763	0.7581967213114754	0.3045267489711934	0.19052523171987643
7	226002603.0	svm_an	0.9248918194930971	0.9959016393442623	0.39999999999999997	0.25025746652935116
8	226002603.0	pca_an	0.919740366783433	0.8934426229508197	0.3588477366255144	0.22451081359423275
9	226002603.0	mcd_an	0.9127343910982897	0.7540983606557377	0.302880658436214	0.18949536560247168
10	226002603.0	sod_an	0.8878013599835154	0.2581967213114754	0.10370370370370371	0.06488156539649846
0	226002861.0	iforest_an	0.9076799839791729	1.0	0.14312267657992567	0.07707707707707707
1	226002861.0	abod_an	0.8964654050265345	0.2727272727272727	0.039033457249070626	0.021021021021021023
2	226002861.0	cluster_an	0.8984680084109342	0.37662337662337664	0.054104477611940295	0.02914572864321608
3	226002861.0	cof_an	0.8970661860418544	0.3116883116883117	0.04460966542750929	0.024024024024024024
4	226002861.0	histogram_an	0.9078802443176129	1.0	0.14338919925512103	0.07723169508525576
5	226002861.0	knn_an	0.9080805046560528	1.0	0.14365671641791045	0.07738693467336684
6	226002861.0	lof_an	0.907279463302293	0.974025974025974	0.13940520446096655	0.07507507507507508
7	226002861.0	svm_an	0.9076799839791729	1.0	0.14312267657992567	0.07707707707707707
8	226002861.0	pca_an	0.9076799839791729	1.0	0.14312267657992567	0.07707707707707707
9	226002861.0	mcd_an	0.9060779012716531	0.8961038961038961	0.12825278810408922	0.06906906906906907
10	226002861.0	sod_an	0.9056773805947732	0.8701298701298701	0.12453531598513011	0.06706706706706707
0	226002416.0	iforest_an	0.9026247245041074	0.7213114754098361	0.08301886792452831	0.044044044044044044
1	226002416.0	abod_an	0.8948106591865358	0.08196721311475409	0.009433962264150943	0.005005005005005005
2	226002416.0	cluster_an	0.8959126427569626	0.16393442622950818	0.018885741265344664	0.01002004008016032
3	226002416.0	cof_an	0.906030855539972	1.0	0.1150943396226415	0.06106106106106106
4	226002416.0	histogram_an	0.905630134241635	0.9672131147540983	0.11132075471698115	0.05905905905905906
5	226002416.0	knn_an	0.906030855539972	1.0	0.1150943396226415	0.06106106106106106
6	226002416.0	lof_an	0.906030855539972	1.0	0.1150943396226415	0.06106106106106106
7	226002416.0	svm_an	0.906030855539972	1.0	0.1150943396226415	0.06106106106106106
8	226002416.0	pca_an	0.906030855539972	1.0	0.1150943396226415	0.06106106106106106
9	226002416.0	mcd_an	0.9048286916449609	0.9016393442622951	0.10377358490566038	0.055055055055055056
10	226002416.0	sod_an	0.9022240032057703	0.6885245901639344	0.07924528301886792	0.042042042042042045
0	226003316.0	iforest_an	0.9099829778712326	0.9464285714285714	0.1908190819081908	0.1061061061061061
1	226003316.0	abod_an	0.8945629318113547	0.25892857142857145	0.052205220522052204	0.02902902902902903
2	226003316.0	cluster_an	0.8983678782417143	0.35714285714285715	0.07305936073059362	0.04069175991861648
3	226003316.0	cof_an	0.907579853809953	0.8392857142857143	0.16921692169216923	0.0940940940940941
4	226003316.0	histogram_an	0.9101832382096726	0.9553571428571429	0.19261926192619264	0.10710710710710711
5	226003316.0	knn_an	0.9107840192249925	0.9821428571428571	0.198019801980198	0.11011011011011011
6	226003316.0	lof_an	0.9011715229798738	0.5535714285714286	0.1116111611161116	0.062062062062062065
7	226003316.0	svm_an	0.9111845399018724	1.0	0.20162016201620164	0.11211211211211211
8	226003316.0	pca_an	0.9105837588865525	0.9732142857142857	0.19621962196219622	0.1091091091091091
9	226003316.0	mcd_an	0.907179333133073	0.8214285714285714	0.16561656165616562	0.0920920920920921
10	226003316.0	sod_an	0.9103834985481125	0.9642857142857143	0.19441944194419447	0.10810810810810811
0	226002998.0	iforest_an	0.9070487106017192	1.0	0.13262032085561498	0.07101947308132875
1	226002998.0	abod_an	0.9070487106017192	1.0	0.13262032085561498	0.07101947308132875
2	226002998.0	cluster_an	0.8979942693409743	0.3548387096774194	0.047109207708779445	0.02522935779816514
3	226002998.0	cof_an	0.9070487106017192	1.0	0.13262032085561498	0.07101947308132875
4	226002998.0	histogram_an	0.9070487106017192	1.0	0.13262032085561498	0.07101947308132875
5	226002998.0	knn_an	0.9070487106017192	1.0	0.13262032085561498	0.07101947308132875
6	226002998.0	lof_an	0.9061318051575932	0.9354838709677419	0.12406417112299464	0.06643757159221077
7	226002998.0	svm_an	0.9061318051575932	0.9354838709677419	0.12406417112299464	0.06643757159221077
8	226002998.0	pca_an	0.9070487106017192	1.0	0.13262032085561498	0.07101947308132875
9	226002998.0	mcd_an	0.8955873925501433	0.1935483870967742	0.02566844919786096	0.013745704467353952
10	226002998.0	sod_an	0.9010888252148997	0.5806451612903226	0.07700534759358289	0.041237113402061855
0	226001846.0	iforest_an	0.9082082082082082	0.8867924528301887	0.17013574660633485	0.0940940940940941
1	226001846.0	abod_an	0.8925925925925926	0.1509433962264151	0.028959276018099545	0.016016016016016016
2	226001846.0	cluster_an	0.8936936936936937	0.10377358490566038	0.020295202952029523	0.011247443762781187
3	226001846.0	cof_an	0.9058058058058058	0.7735849056603774	0.14841628959276015	0.08208208208208208
4	226001846.0	histogram_an	0.9105105105105105	0.9905660377358491	0.1902173913043478	0.10521042084168336
5	226001846.0	knn_an	0.9102102102102102	0.9811320754716981	0.18823529411764703	0.1041041041041041
6	226001846.0	lof_an	0.91001001001001	0.9716981132075472	0.18642533936651584	0.1031031031031031
7	226001846.0	svm_an	0.9104104104104104	0.9905660377358491	0.19004524886877827	0.10510510510510511
8	226001846.0	pca_an	0.9096096096096096	0.9528301886792453	0.18280542986425338	0.1011011011011011
9	226001846.0	mcd_an	0.909009009009009	0.9245283018867925	0.1773755656108597	0.0980980980980981
10	226001846.0	sod_an	0.9076076076076076	0.8584905660377359	0.16470588235294117	0.09109109109109109
0	226001947.0	iforest_an	0.9017723039951937	1.0	0.035398230088495575	0.018018018018018018
1	226001947.0	abod_an	0.9009712626414339	0.7777777777777778	0.027531956735496556	0.014014014014014014
2	226001947.0	cluster_an	0.8984680084109342	0.0	0.0	0.0
3	226001947.0	cof_an	0.9005707419645539	0.6666666666666666	0.023598820058997053	0.012012012012012012
4	226001947.0	histogram_an	0.9017723039951937	1.0	0.035398230088495575	0.018018018018018018
5	226001947.0	knn_an	0.9017723039951937	1.0	0.035398230088495575	0.018018018018018018
6	226001947.0	lof_an	0.9015720436567538	0.9444444444444444	0.033431661750245825	0.01701701701701702
7	226001947.0	svm_an	0.9017723039951937	1.0	0.035398230088495575	0.018018018018018018
8	226001947.0	pca_an	0.9017723039951937	1.0	0.035398230088495575	0.018018018018018018
9	226001947.0	mcd_an	0.8989686592570342	0.2222222222222222	0.007866273352999017	0.004004004004004004
10	226001947.0	sod_an	0.9009712626414339	0.7777777777777778	0.027531956735496556	0.014014014014014014
0	226000188.0	iforest_an	0.9144862155388471	0.9447852760736196	0.2652885443583118	0.15430861723446893
1	226000188.0	abod_an	0.9044611528822055	0.6380368098159509	0.17915590008613264	0.10420841683366733
2	226000188.0	cluster_an	0.8922305764411027	0.25766871165644173	0.07247627264883519	0.04216867469879518
3	226000188.0	cof_an	0.9008521303258146	0.5276073619631901	0.14814814814814817	0.08617234468937876
4	226000188.0	histogram_an	0.9102756892230577	0.8159509202453987	0.22911283376399655	0.13326653306613226
5	226000188.0	knn_an	0.9160902255639097	0.9938650306748467	0.27906976744186046	0.1623246492985972
6	226000188.0	lof_an	0.9148872180451127	0.9570552147239264	0.2687338501291989	0.156312625250501
7	226000188.0	svm_an	0.915889724310777	0.9877300613496932	0.27734711455641686	0.16132264529058116
8	226000188.0	pca_an	0.9150877192982456	0.9631901840490797	0.2704565030146425	0.15731462925851702
9	226000188.0	mcd_an	0.9126817042606516	0.8895705521472392	0.24978466838931956	0.14529058116232466
10	226000188.0	sod_an	0.9068671679197995	0.7116564417177914	0.19982773471145565	0.11623246492985972
0	226002142.0	iforest_an	0.9088726617985395	0.9238095238095239	0.17556561085972852	0.097
1	226002142.0	abod_an	0.8984695408622587	0.42857142857142855	0.08144796380090498	0.045
2	226002142.0	cluster_an	0.8968690607182155	0.3523809523809524	0.0669683257918552	0.037
3	226002142.0	cof_an	0.9062718815644694	0.8	0.15203619909502264	0.084
4	226002142.0	histogram_an	0.9088726617985395	0.9238095238095239	0.17556561085972852	0.097
5	226002142.0	knn_an	0.910073021906572	0.9619047619047619	0.18346957311534967	0.10140562248995984
6	226002142.0	lof_an	0.9098729618885666	0.9714285714285714	0.1846153846153846	0.102
7	226002142.0	svm_an	0.9104731419425828	1.0	0.19004524886877827	0.105
8	226002142.0	pca_an	0.909072721816545	0.9333333333333333	0.1773755656108597	0.098
9	226002142.0	mcd_an	0.9046714014204261	0.7238095238095238	0.13755656108597286	0.076
10	226002142.0	sod_an	0.8998699609882965	0.49523809523809526	0.09411764705882353	0.052
